[gd_scene load_steps=4 format=3 uid="uid://cu6g8qwto50av"]

[ext_resource type="Script" path="res://BuildingRenderer.gd" id="1_oqaq5"]
[ext_resource type="PackedScene" uid="uid://d4f5sva0o7xm1" path="res://models/Farm.gltf" id="1_wn4r1"]
[ext_resource type="Texture2D" uid="uid://bp52g2irp02kv" path="res://szeneBackground.png" id="3_l4l1x"]

[node name="Farm" type="Node3D" node_paths=PackedStringArray("building_node")]
transform = Transform3D(0.707107, 0, 0.707107, 0, 1, 0, -0.707107, 0, 0.707107, 0, 0, 0)
script = ExtResource("1_oqaq5")
building_name = "farm"
building_node = NodePath("Farm")

[node name="DirectionalLight3D" type="DirectionalLight3D" parent="."]
transform = Transform3D(-0.866023, -0.433016, 0.250001, 0, 0.499998, 0.866027, -0.500003, 0.749999, -0.43301, 0, 0, 0)
shadow_enabled = true

[node name="Camera3D" type="Camera3D" parent="."]
transform = Transform3D(1, 0, 0, 0, 0.707107, 0.707107, 0, -0.707107, 0.707107, 0, 85.6969, 83.332)
projection = 1
fov = 22.1
size = 19.425
near = 0.038

[node name="Farm" parent="." instance=ExtResource("1_wn4r1")]

[node name="Sprite3D" type="Sprite3D" parent="."]
transform = Transform3D(100, 0, 0, 0, 100, 0, 0, 0, 100, 0, 0, -40.2722)
gi_mode = 0
texture = ExtResource("3_l4l1x")
