[gd_scene load_steps=4 format=3 uid="uid://dq64meyhjyfur"]

[ext_resource type="Script" path="res://BuildingRenderer.gd" id="1_84rgp"]
[ext_resource type="PackedScene" uid="uid://eacxq08m43tb" path="res://models/Schmelze.gltf" id="1_kpvp4"]
[ext_resource type="Texture2D" uid="uid://bp52g2irp02kv" path="res://szeneBackground.png" id="3_7c43e"]

[node name="Forge" type="Node3D" node_paths=PackedStringArray("building_node")]
script = ExtResource("1_84rgp")
building_name = "forge"
building_node = NodePath("Schmelze2")

[node name="DirectionalLight3D" type="DirectionalLight3D" parent="."]
transform = Transform3D(-0.866023, -0.433016, 0.250001, 0, 0.499998, 0.866027, -0.500003, 0.749999, -0.43301, 0, 0, 0)
shadow_enabled = true

[node name="Camera3D" type="Camera3D" parent="."]
transform = Transform3D(1, 0, 0, 0, 0.707107, 0.707107, 0, -0.707107, 0.707107, 0, 66.6297, 66.837)
projection = 1
fov = 22.1
size = 14.035
near = 0.038

[node name="Schmelze2" parent="." instance=ExtResource("1_kpvp4")]
transform = Transform3D(0.707107, 0, 0.707107, 0, 1, 0, -0.707107, 0, 0.707107, 0, 0, 0)

[node name="Sprite3D" type="Sprite3D" parent="."]
transform = Transform3D(100, 0, 0, 0, 100, 0, 0, 0, 100, 0, 0, -315.548)
gi_mode = 0
texture = ExtResource("3_7c43e")
