[gd_scene load_steps=4 format=3 uid="uid://c8a7ax4lr25xe"]

[ext_resource type="Script" path="res://BuildingRenderer.gd" id="1_3qkrj"]
[ext_resource type="PackedScene" uid="uid://dtrvehyi3vf5k" path="res://Building Models/Dronehub/Dronehub.gltf" id="3_2lgyf"]
[ext_resource type="Texture2D" uid="uid://bp52g2irp02kv" path="res://szeneBackground.png" id="3_qm5an"]

[node name="Dronehub" type="Node3D" node_paths=PackedStringArray("building_node")]
script = ExtResource("1_3qkrj")
building_name = "dronehub"
building_node = NodePath("Dronehub")

[node name="DirectionalLight3D" type="DirectionalLight3D" parent="."]
transform = Transform3D(-0.866023, -0.433016, 0.250001, 0, 0.499998, 0.866027, -0.500003, 0.749999, -0.43301, 0, 0, 0)
shadow_enabled = true

[node name="Camera3D" type="Camera3D" parent="."]
transform = Transform3D(1, 0, 0, 0, 0.707107, 0.707107, 0, -0.707107, 0.707107, -2.39494, 82.0472, 83.3324)
projection = 1
fov = 22.1
size = 31.237
near = 0.038

[node name="Sprite3D" type="Sprite3D" parent="."]
transform = Transform3D(100, 0, 0, 0, 100, 0, 0, 0, 100, 0, 0, -106.272)
gi_mode = 0
texture = ExtResource("3_qm5an")

[node name="Dronehub" parent="." instance=ExtResource("3_2lgyf")]
transform = Transform3D(0.707107, 0, 0.707107, 0, 1, 0, -0.707107, 0, 0.707107, -2, 0, 0)
