[gd_scene load_steps=4 format=3 uid="uid://cokx0bcbwpbai"]

[ext_resource type="Script" path="res://BuildingRenderer.gd" id="1_leajk"]
[ext_resource type="Texture2D" uid="uid://bp52g2irp02kv" path="res://szeneBackground.png" id="2_ciejx"]
[ext_resource type="PackedScene" uid="uid://dw1akrx726l2q" path="res://Building Models/Main_Storage/Main_Storage.gltf" id="3_oxoo4"]

[node name="Storage" type="Node3D" node_paths=PackedStringArray("building_node")]
script = ExtResource("1_leajk")
building_name = "storage"
building_node = NodePath("Main_Storage")

[node name="DirectionalLight3D" type="DirectionalLight3D" parent="."]
transform = Transform3D(-0.866023, -0.433016, 0.250001, 0, 0.499998, 0.866027, -0.500003, 0.749999, -0.43301, 0, 0, 0)
shadow_enabled = true

[node name="Camera3D" type="Camera3D" parent="."]
transform = Transform3D(1, 0, 0, 0, 0.707107, 0.707107, 0, -0.707107, 0.707107, 0.100769, 89.0583, 83.332)
projection = 1
fov = 22.1
size = 36.249
near = 0.038

[node name="Sprite3D" type="Sprite3D" parent="."]
transform = Transform3D(100, 0, 0, 0, 100, 0, 0, 0, 100, 0, 0, -40.2722)
gi_mode = 0
texture = ExtResource("2_ciejx")

[node name="Main_Storage" parent="." instance=ExtResource("3_oxoo4")]
transform = Transform3D(0.707107, 0, 0.707107, 0, 1, 0, -0.707107, 0, 0.707107, 0, 0, 0)
