[gd_scene load_steps=10 format=3 uid="uid://c81qbha6fcgri"]

[ext_resource type="Terrain3DMaterial" uid="uid://cydel065ah7yd" path="res://Levels/Level02/Terrain3DMaterialnode_3d.tres" id="1_yn54n"]
[ext_resource type="Terrain3DAssets" uid="uid://bt1jf5vdsmhcm" path="res://Levels/Level02/Terrain3DAssetnode.tres" id="2_nb5rg"]
[ext_resource type="Script" path="res://TerrainRenderer.gd" id="3_g35ti"]
[ext_resource type="PackedScene" uid="uid://dtrvehyi3vf5k" path="res://Building Models/Dronehub/Dronehub.gltf" id="4_0bm77"]
[ext_resource type="PackedScene" uid="uid://bhgsbtw6d3t0t" path="res://Building Models/Main_Factory/Main_Factory.gltf" id="5_wg3of"]
[ext_resource type="PackedScene" uid="uid://dw1akrx726l2q" path="res://Building Models/Main_Storage/Main_Storage.gltf" id="6_rvmvx"]
[ext_resource type="PackedScene" uid="uid://bac0ly5pti1uf" path="res://Building Models/Living_Quater/Living_Quater.gltf" id="7_cakd2"]
[ext_resource type="PackedScene" uid="uid://cnklasf7p5mqp" path="res://Building Models/Smelter/smelter.gltf" id="8_eiv1s"]
[ext_resource type="PackedScene" uid="uid://y011mvhluen0" path="res://Building Models/Mine/Mine_.gltf" id="9_04kql"]

[node name="Node3D" type="Node3D"]

[node name="DirectionalLight3D" type="DirectionalLight3D" parent="."]
transform = Transform3D(-0.866023, -0.433016, 0.250001, 0, 0.499998, 0.866027, -0.500003, 0.749999, -0.43301, 0, 0, 0)
shadow_enabled = true

[node name="Terrain3D2" type="Terrain3D" parent="."]
data_directory = "res://Levels/Level02"
material = ExtResource("1_yn54n")
assets = ExtResource("2_nb5rg")
top_level = true
metadata/_edit_lock_ = true

[node name="Camera3D" type="Camera3D" parent="."]
transform = Transform3D(1, 0, 0, 0, 0.707107, 0.707107, 0, -0.707107, 0.707107, -230.311, 300, 76.0234)
projection = 1
size = 50.0
script = ExtResource("3_g35ti")
tile_count_x = 10
tile_count_y = 7
output_folder = "res://output/level02/"

[node name="Dronehub" parent="." instance=ExtResource("4_0bm77")]
transform = Transform3D(0.707107, 0, 0.707107, 0, 1, 0, -0.707107, 0, 0.707107, -135.81, 0, -209.243)
visible = false

[node name="Main_Factory" parent="." instance=ExtResource("5_wg3of")]
transform = Transform3D(1, 0, 0, 0, 1, 0, 0, 0, 1, 88.611, -0.0131874, 123.792)

[node name="Dronehub2" parent="." instance=ExtResource("4_0bm77")]
transform = Transform3D(1, 0, 0, 0, 1, 0, 0, 0, 1, 117.189, -0.104833, 139.529)

[node name="Main_Storage" parent="." instance=ExtResource("6_rvmvx")]
transform = Transform3D(1, 0, 0, 0, 1, 0, 0, 0, 1, 92.345, 0, 163.828)

[node name="Living_Quater2" parent="." instance=ExtResource("7_cakd2")]
transform = Transform3D(1, 0, 0, 0, 1, 0, 0, 0, 1, 119.664, 0, 113.691)

[node name="smelter" parent="." instance=ExtResource("8_eiv1s")]
transform = Transform3D(1, 0, 0, 0, 1, 0, 0, 0, 1, 94.0789, 0, 90.2804)

[node name="Mine_" parent="." instance=ExtResource("9_04kql")]
transform = Transform3D(1, 0, 0, 0, 1, 0, 0, 0, 1, 73.8658, 0, 95.6313)
